P0 = 4627.693055555555
P1 = 4094.7813888888877
P2 = 3604.285833333332
P3 = 3265.3949999999986
P4 = 3009.1302777777782
P5 = 2733.241944444446
P6 = 2498.154444444445
P7 = 2254.978888888889
P8 = 2060.8530555555553
P9 = 1863.2922222222223
P10 = 1658.841944444445
P11 = 1498.2369444444453
P12 = 1394.773333333334
P13 = 1282.2488888888895
P14 = 1159.3369444444445
P15 = 1063.55
P16 = 969.4308333333337
P17 = 882.8011111111114
P18 = 791.811388888889
P19 = 706.3136111111111
P20 = 611.4513888888888
P21 = 523.6763888888889
P22 = 437.8236111111111
P23 = 381.5294444444445
P24 = 324.2019444444445
P25 = 261.70638888888885
P26 = 207.70833333333331
P27 = 164.14666666666662
P28 = 143.6511111111111
P29 = 126.80277777777776
P30 = 113.48444444444443
P31 = 104.49111111111108
P32 = 94.59138888888891
P33 = 84.39055555555558
P34 = 77.7188888888889
P35 = 73.39861111111111
P36 = 68.57333333333332
P37 = 63.05777777777777
P38 = 56.971388888888896
P39 = 51.47361111111111
P40 = 46.01833333333334
P41 = 39.88
P42 = 32.721944444444446
P43 = 26.02
P44 = 21.397222222222222
P45 = 17.146111111111114
P46 = 12.393055555555556
P47 = 9.88111111111111
P48 = 7.648333333333333
P49 = 6.340833333333333
P50 = 5.384722222222223
P51 = 4.341666666666666
P52 = 3.7522222222222217
P53 = 3.0524999999999998
P54 = 2.265277777777778
P55 = 1.9927777777777778
P56 = 1.6838888888888888
P57 = 1.3691666666666666
P58 = 0.9952777777777777
P59 = 0.5230555555555555

